0.000771605,0.00173611,0.000578704,-0.00162037,-0.000694444,0.000501543,0.000270062,0.0277778,
0.00173611,0.00390625,0.00130208,-0.00364583,-0.0015625,0.00112847,0.000607639,0.0625,
0.000578704,0.00130208,0.000434028,-0.00121528,-0.000520833,0.000376157,0.000202546,0.0208333,
-0.00162037,-0.00364583,-0.00121528,0.00340278,0.00145833,-0.00105324,-0.00056713,-0.0583333,
-0.000694445,-0.0015625,-0.000520833,0.00145833,0.000625,-0.000451389,-0.000243056,-0.025,
0.000501543,0.00112847,0.000376157,-0.00105324,-0.000451389,0.000326003,0.00017554,0.0180556,
0.000270062,0.000607639,0.000202546,-0.00056713,-0.000243056,0.00017554,9.45216e-05,0.00972222,
0.0277778,0.0625,0.0208333,-0.0583333,-0.025,0.0180556,0.00972222,1,
